capital <- c("1101",
"1901",
"1301",
"1601",
"2801",
"3401",
"2101",
"1801",
"601",
"2701",
"2301",
"2001",
"1701",
"101",
"2401",
"201",
"3201",
"1001",
"1401",
"901",
"501",
"401",
"801",
"2201",
"3001",
"2901",
"701",
"3301",
"301",
"1501",
"3101",
"1201",
"2601",
"2501")
